148 1 1 -3, -1
169 1 1 -4 1
229 1 0 -4 -1
257 1 2 -3 -1
316 1 2 -3 -2
321 1 1 -4 -1
361 1 2 -5 1
404 1 1 -5 1
469 1 2 -4 -1
473 1 0 -5 -1
564 1 2 -4 -2
568 1 4 -1 -2
621 1 3 -3 -2
697 1 3 -4 -1
733 1 2 -6 1
756 1 0 -6 -2
761 1 1 -6 1
785 1 2 -5 -1
788 1 4 -2 -2
837 1 0 -6 -1
892 1 5 0 -2
940 1 3 -4 -2
961 2 1 -5 -2
985 1 1 -6 -1
993 1 2 -5 -3
1016 1 1 -6 -2
1076 1 3 -5 -1
1101 1 5 -1 -2
1129 1 3 -4 -3
1229 1 2 -6 -1
1257 1 2 -7 1
1300 1 3 -7 11
1304 2 3 -4 -2
1345 1 0 -7 -1
1369 14 -7 1
1373 1 3 -5 2
1384 1 5 -2 -2
1396 1 2 -6 -2
1425 1 4 -3 -3
1436 1 6 1 -2
1489 1 4 -5 -1
1492 1 4 -4 -2
1509 1 2 -6 -3
1534 1 1 -7 -1
1556 1 5 -1 -3
1573 1 1 -7 -2
1593 1 3 -6 -3
1620 1 0 6 -2
1708 1 4 -3 -4
1765 1 5 -3 -2
1772 2 1 -6 -2
